phenotype
12.69536089
7.695360887
-8.499093959
-2.136678492
-0.326049171
20.13860048
9.552263523
-6.108635593
-4.228250886
9.152263523
-5.921700866
3.961038273
-3.966153089
-0.527748825
11.02882682
-3.115891973
4.180036759
0.974475989
8.3613565
4.585399197
-1.105594732
-1.829014574
0.904787186
1.258425948
-1.397538965
-0.17915168
18.74797823
-4.409157294
-6.526130826
0.410074041
-3.375337376
2.029885308
2.829126299
-3.948925416
-4.823362395
0.692373809
0.325397448
-5.031236269
-0.86638636
-2.118837185
-4.868579925
-3.798416102
-2.330163873
7.414514167
11.44559198
-2.50598916
4.075689598
-6.363793254
-2.594660444
3.95094852
-0.86542524
5.679328417
5.972251175
1.228686926
2.951131927
-10.93772335
0.545341319
8.119703363
0.463298416
-3.862107669
-0.294340167
-0.351153947
5.803322893
0.185318337
-6.569942694
-1.277650288
0.950166394
-1.915586053
-4.865623843
1.819025541
-7.526532903
-0.729149266
10.69544601
12.24127517
-1.296825001
-3.553880562
-3.956851773
2.023538464
0.854712782
5.988722853
-3.371173182
-9.293674109
11.58903171
-11.17563458
-0.144414011
-7.296961916
-4.899093959
1.645934384
-1.998022063
3.581677015
6.817319416
6.017359132
-6.438273149
-10.20663961
-7.298416102
2.126690455
-5.899923469
-1.659688903
-9.362465111
6.079037944
-5.255719862
-3.815936364
0.278894185
11.14820059
-3.73613275
-13.32763893
0.947181456
5.292445643
11.44420875
-1.846675983
2.959905286
-11.0224214
0.773422313
-4.835513987
0.807112438
-1.108969248
6.741152969
2.079855712
9.672454209
-6.452005408
-5.781129371
5.549077067
-5.250139835
1.428303417
-5.783308386
4.958053569
-4.276659528
0.395472562
4.423075865
-13.80141493
-0.97752846
5.32840657
-16.16075295
-0.422589899
-1.583635248
2.640734672
2.062103893
-2.82006232
0.560674205
12.74797823
-4.623709293
-1.070992176
5.031212753
-1.628513606
-0.088840622
4.1486752
-1.474069249
-3.894706393
5.270714497
-5.451335454
-0.657639909
11.62863632
1.847796473
-4.01220182
4.308963275
-5.401442066
0.342404279
-2.082050731
-3.072473593
-0.953098369
3.513557695
-10.90515085
-4.557081922
-6.551412181
-0.375698699
8.92635087
-8.208727799
1.613195898
-3.529274351
-10.79890732
-7.155357346
-2.534367111
1.19244335
2.023412129
3.797374189
-14.0641068
-5.603890459
4.412488072
-1.17418934
8.982565458
5.379668318
-5.278152638
11.64756243
-3.373094669
-1.486026526
5.765647981
-7.212793605
5.073526601
-0.406454555
-7.868416364
-3.528137052
3.883678558
0.101936893
-0.471624001
-0.6818343
-4.870990366
-5.576556003
-5.017434542
3.066631805
1.273748547
-6.155108344
4.285630013
-3.231607917
-5.856230375
1.463487953
-4.909107753
-2.38231165
-0.125234588
0.131252604
1.005707042
-5.726033028
-7.094693571
-5.409069952
10.37210233
10.81630017
-4.461312442
-1.297866254
-6.224626854
-8.323535071
5.667852461
-5.535106322
-3.453187849
-1.51547183
3.710151566
-4.77451456
-0.011728519
-8.981504575
-4.80755665
-0.696009358
2.710631731
-6.651652383
-1.999417258
-2.793118759
4.028074163
-0.135404169
9.419894562
1.631626773
11.36916698
0.535392877
3.808787257
-9.11046606
-4.042216023
6.671596578
7.140965984
1.51859413
-6.022000357
-11.65253537
14.16296944
-4.140552456
-8.926245035
0.702057331
-5.383068586
6.657803345
-4.459688903
-6.87588342
12.54825367
-1.339555301
-3.52768732
0.438887773
-1.461937651
-0.849038663
12.28900849
6.043885136
-3.728335586
-0.666460763
0.304993063
-6.259842102
7.501431075
0.557857861
-9.116657045
-3.242119577
-9.252497462
-0.965321777
3.126778671
8.578632269
-1.475378173
-16.10167582
-3.251953445
-6.270601567
-0.633210609
0.931733193
0.246137426
-3.860436159
0.986462551
-3.094738723
-2.266470117
-1.541574052
-3.404507929
4.131906339
-5.601675816
-2.098721382
0.970604918
3.589906197
2.68973135
1.983746223
-3.621088987
2.141739408
8.458171037
0.951262871
-3.868390497
